880132
880133
880185
880316
880864
881057
881059
881536
881545
882056
882058
882358
882361
882365
882368
882369
882370
883228
883301
884162
884163
884166
884169
884171
884172
884174
884175
884177
884179
884181
884184
884187
884189
884190
885463
885500
885799
885810
885838
885955
886497
886514
886551
886598
886907
887205
887206
887207
887209
887210
887212
887214
887216
887218
887592
887593
887594
887595
887596
887597
887836
887838
887839
887840
887842
887843
887844
887845
887846
887847
888136
888137
888138
888320
888418
888430
